<?xml version="1.0" encoding="UTF-8" standalone="no"?>
<!-- Created with Inkscape (http://www.inkscape.org/) -->

<svg
   width="150.0593"
   height="129.006"
   viewBox="0 0 39.703273 34.132962"
   version="1.1"
   id="svg5"
   xml:space="preserve"
   sodipodi:docname="logo"
   inkscape:version="1.2.2 (732a01da63, 2022-12-09, custom)"
   inkscape:export-filename="logo.svg"
   inkscape:export-xdpi="100.51143"
   inkscape:export-ydpi="100.51143"
   xmlns:inkscape="http://www.inkscape.org/namespaces/inkscape"
   xmlns:sodipodi="http://sodipodi.sourceforge.net/DTD/sodipodi-0.dtd"
   xmlns="http://www.w3.org/2000/svg"
   xmlns:svg="http://www.w3.org/2000/svg"><sodipodi:namedview
     id="namedview7"
     pagecolor="#ffffff"
     bordercolor="#000000"
     borderopacity="0.25"
     inkscape:showpageshadow="2"
     inkscape:pageopacity="0.0"
     inkscape:pagecheckerboard="0"
     inkscape:deskcolor="#d1d1d1"
     inkscape:document-units="mm"
     showgrid="false"
     inkscape:zoom="0.70199214"
     inkscape:cx="394.59131"
     inkscape:cy="560.54758"
     inkscape:window-width="1846"
     inkscape:window-height="1016"
     inkscape:window-x="0"
     inkscape:window-y="0"
     inkscape:window-maximized="1"
     inkscape:current-layer="layer1" /><defs
     id="defs2" /><g
     inkscape:label="Capa 1"
     inkscape:groupmode="layer"
     id="layer1"
     transform="translate(-0.58601713,-0.20214552)"><g
       id="g2181"
       transform="translate(-37.593259,-75.23363)"><path
         style="fill:#f58e6a;stroke:none;stroke-width:0.123301"
         d="m 48.914456,75.595226 c -1.24201,0.28663 -1.85629,1.3888 -2.46602,2.40076 -0.97334,1.61561 -2.00536,3.19633 -2.984251,4.80874 -1.178387,1.941 -2.379339,3.87411 -3.590031,5.79514 -0.583584,0.92612 -1.499217,1.97023 -1.660988,3.08253 -0.261151,1.79514 1.04399,3.34306 1.894643,4.80874 1.526466,2.63025 3.073524,5.249164 4.579767,7.891264 0.76422,1.3404 1.49798,3.1168 2.6289,4.17891 1.25114,1.17494 3.47425,0.75313 5.05041,0.75313 3.45958,0 6.90091,0.1233 10.35728,0.1233 1.33683,0 3.02605,0.29876 4.31554,-0.006 1.14152,-0.26966 1.68133,-1.17247 2.28045,-2.09032 1.0578,-1.62042 2.02928,-3.29534 3.06082,-4.93204 1.29047,-2.04766 2.55578,-4.110614 3.83528,-6.165054 0.60072,-0.96458 1.53139,-2.04457 1.65248,-3.20582 0.1704,-1.63473 -1.27481,-3.35206 -2.07467,-4.68544 -1.6145,-2.69117 -3.13369,-5.43831 -4.73438,-8.13786 -0.70491,-1.18887 -1.29232,-2.72308 -2.29907,-3.6861 -1.33202,-1.2741 -3.60828,-0.87604 -5.29664,-0.87604 -3.37722,0 -6.73409,-0.1233 -10.11068,-0.1233 -1.39947,0 -3.07303,-0.24992 -4.43884,0.0653 m 14.79612,20.2794 c 0.89381,1.91203 2.12682,3.71259 3.17118,5.548544 0.49098,0.86311 1.20711,1.77874 0.95521,2.83593 -0.45991,1.93015 -3.48375,1.47961 -4.9895,1.47961 -0.54758,0 -1.33313,0.13785 -1.82633,-0.14537 -0.45585,-0.26177 -0.6969,-0.89098 -0.9493,-1.32808 -0.64696,-1.12056 -1.48997,-2.22977 -1.90981,-3.45859 -0.81169,0.98715 -1.38947,2.22114 -2.02472,3.32913 -0.2614,0.45584 -0.51959,1.16901 -0.98123,1.45754 -0.49172,0.30739 -1.36963,0.14537 -1.92608,0.14537 -1.72757,0 -3.99126,0.3715 -4.93217,-1.48146 -0.67223,-1.32364 -0.24647,-3.59546 -0.24647,-5.053494 v -11.7136 c 0,-1.54804 -0.47644,-3.95574 0.65842,-5.18431 0.92846,-1.00502 2.16233,-0.85743 3.41051,-0.85743 h 7.52136 4.80873 c 0.89443,0 1.81117,-0.0811 2.58748,0.45609 1.61696,1.11883 1.11155,3.64786 1.11155,5.33905 0,2.36775 1.02673,7.39473 -1.72621,8.4746 -0.92562,0.36312 -1.76061,0.19741 -2.71262,0.15647 m -14.42622,5.425244 c 2.25432,-2.692774 3.79669,-6.446054 5.54855,-9.494174 0.63746,-1.10922 1.35865,-3.13493 2.71262,-3.50557 1.4118,-0.38655 2.09735,0.88814 2.71385,1.89785 0.63316,1.03684 1.22229,2.09932 1.85014,3.13961 0.22588,0.37446 0.4953,1.0361 0.90934,1.22968 0.42243,0.19741 1.09886,0.0744 1.55483,0.0744 0.6689,0 1.38158,0.07 1.89723,-0.44549 0.96298,-0.9631 0.44548,-3.70803 0.44548,-4.97975 v -4.19223 c 0,-0.66891 0.07,-1.38159 -0.44548,-1.89724 -0.79825,-0.79812 -2.58957,-0.44548 -3.62345,-0.44548 h -9.49417 c -1.0763,0 -2.95392,-0.37225 -3.74182,0.54005 -0.83006,0.96089 -0.32712,3.67141 -0.32712,4.88519 v 13.193204 m 8.42158,-11.707794 c -0.89787,0.48136 -1.53238,2.31201 -2.02299,3.18091 -1.55138,2.74789 -3.1136,5.50996 -4.74832,8.209264 -0.56004,0.92476 -2.27269,2.89856 -0.54056,3.44293 0.77964,0.245 3.32186,0.39148 4.0222,-0.0462 0.62613,-0.39136 1.06064,-1.58726 1.42154,-2.21597 0.36879,-0.64252 1.42968,-3.325554 2.31362,-3.198434 0.78457,0.11295 1.46025,1.965674 1.80648,2.581934 0.45264,0.80564 0.9816,2.18181 1.70464,2.76157 0.69332,0.55584 3.83404,0.3937 4.60911,-0.0123 0.99899,-0.52329 -0.76311,-2.76133 -1.1192,-3.36575 -1.76394,-2.994734 -3.5322,-5.987374 -5.26421,-9.000974 -0.34093,-0.5932 -1.23757,-2.84344 -2.18231,-2.33692 z"
         id="path1352"
         inkscape:export-filename="logo.svg"
         inkscape:export-xdpi="100.51143"
         inkscape:export-ydpi="100.51143"
         sodipodi:nodetypes="ccscccccsscccsccccssccssssccccscsscscscsccccccccscsscsscscccsscccscscscc" /></g></g></svg>
